preprocess_cao_oKG	196	1616543119	1616543315
preprocess_cao_fKG	195	1616543315	1616543510
summarize-ml-cao_ho_sfKG_ig-sv-complex-25	5263	1616543510	1616548773
summarize-ml-cao_ho_sfKG_ig-sv-complex-50	4502	1616548773	1616553275
summarize-ml-cao_ho_sfKG_ig-sv-complex-75	6673	1616553275	1616559948
summarize-ml-cao_ho_sfKG_ig-mv-complex-25	2329	1616559948	1616562277
summarize-ml-cao_ho_sfKG_ig-mv-complex-50	4563	1616562277	1616566840
summarize-ml-cao_ho_sfKG_ig-mv-complex-75	6614	1616566840	1616573454
preprocess_summ-ml-cao_ho_sfKG_ig-sv-complex-25	54	1616573454	1616573508
preprocess_summ-ml-cao_ho_sfKG_ig-sv-complex-50	58	1616573508	1616573566
preprocess_summ-ml-cao_ho_sfKG_ig-sv-complex-75	62	1616573566	1616573628
preprocess_summ-ml-cao_ho_sfKG_ig-mv-complex-25	52	1616573628	1616573680
preprocess_summ-ml-cao_ho_sfKG_ig-mv-complex-50	58	1616573680	1616573738
preprocess_summ-ml-cao_ho_sfKG_ig-mv-complex-75	62	1616573738	1616573800
measure_summ_impact-ml-cao_ho_sfKG_ig-sv-complex-25	145	1616573800	1616573945
measure_summ_impact-ml-cao_ho_sfKG_ig-sv-complex-50	149	1616573945	1616574094
measure_summ_impact-ml-cao_ho_sfKG_ig-sv-complex-75	158	1616574094	1616574252
measure_summ_impact-ml-cao_ho_sfKG_ig-mv-complex-25	137	1616574252	1616574389
measure_summ_impact-ml-cao_ho_sfKG_ig-mv-complex-50	150	1616574389	1616574539
measure_summ_impact-ml-cao_ho_sfKG_ig-mv-complex-75	161	1616574539	1616574700
summarize-ml-cao_ho_sKG_ig-sv-complex-25	5281	1616618429	1616623710
summarize-ml-cao_ho_sKG_ig-sv-complex-50	4449	1616623710	1616628159
summarize-ml-cao_ho_sKG_ig-sv-complex-75	6643	1616628159	1616634802
summarize-ml-cao_ho_sKG_ig-mv-complex-25	2317	1616634802	1616637119
summarize-ml-cao_ho_sKG_ig-mv-complex-50	4549	1616637119	1616641668
summarize-ml-cao_ho_sKG_ig-mv-complex-75	6748	1616641668	1616648416
preprocess_summ-ml-cao_ho_sKG_ig-sv-complex-25	54	1616648416	1616648470
preprocess_summ-ml-cao_ho_sKG_ig-sv-complex-50	59	1616648470	1616648529
preprocess_summ-ml-cao_ho_sKG_ig-sv-complex-75	62	1616648529	1616648591
preprocess_summ-ml-cao_ho_sKG_ig-mv-complex-25	53	1616648591	1616648644
preprocess_summ-ml-cao_ho_sKG_ig-mv-complex-50	59	1616648644	1616648703
preprocess_summ-ml-cao_ho_sKG_ig-mv-complex-75	64	1616648703	1616648767
measure_summ_impact-ml-cao_ho_sKG_ig-sv-complex-25	143	1616648767	1616648910
measure_summ_impact-ml-cao_ho_sKG_ig-sv-complex-50	161	1616648910	1616649071
measure_summ_impact-ml-cao_ho_sKG_ig-sv-complex-75	166	1616649071	1616649237
measure_summ_impact-ml-cao_ho_sKG_ig-mv-complex-25	140	1616649237	1616649377
measure_summ_impact-ml-cao_ho_sKG_ig-mv-complex-50	152	1616649377	1616649529
measure_summ_impact-ml-cao_ho_sKG_ig-mv-complex-75	164	1616649529	1616649693
recommend-TRANSE-ml-cao_ho_oKG	18823	1616649694	1616668517
recommend-TRANSH-ml-cao_ho_oKG	24687	1616668517	1616693204
recommend-BPRMF-ml-cao_ho_oKG	5433	1616693204	1616698637
recommend-TRANSUP-ml-cao_ho_oKG	2796	1616698637	1616701433
recommend-CFKG-ml-cao_ho_oKG	12676	1616701433	1616714109
recommend-CKE-ml-cao_ho_oKG	33261	1616714109	1616747370
recommend-CoFM-ml-cao_ho_oKG	13341	1616747370	1616760711
recommend-KTUP-ml-cao_ho_oKG	10	1616760711	1616760721
recommend-TRANSE-ml-cao_ho_sKG_ig-sv-complex-25	8422	1616760721	1616769143
recommend-TRANSH-ml-cao_ho_sKG_ig-sv-complex-25	11560	1616769143	1616780703
recommend-TRANSUP-ml-cao_ho_oKG	2802	1616786250	1616789052
recommend-KTUP-ml-cao_ho_oKG	30071	1616789052	1616819123
recommend-CFKG-ml-cao_ho_sKG_ig-sv-complex-25	8443	1616819124	1616827567
recommend-CKE-ml-cao_ho_sKG_ig-sv-complex-25	24305	1616827567	1616851872
recommend-CoFM-ml-cao_ho_sKG_ig-sv-complex-25	11331	1616851872	1616863203
recommend-KTUP-ml-cao_ho_sKG_ig-sv-complex-25	28468	1616863203	1616891671
recommend-TRANSE-ml-cao_ho_sKG_ig-mv-complex-25	9390	1616891671	1616901061
recommend-TRANSH-ml-cao_ho_sKG_ig-mv-complex-25	8846	1616901061	1616909907
recommend-CFKG-ml-cao_ho_sKG_ig-mv-complex-25	8460	1616909907	1616918367
recommend-CKE-ml-cao_ho_sKG_ig-mv-complex-25	26153	1616918367	1616944520
recommend-CoFM-ml-cao_ho_sKG_ig-mv-complex-25	11174	1616944520	1616955694
recommend-KTUP-ml-cao_ho_sKG_ig-mv-complex-25	26063	1616955694	1616981757
recommend-TRANSE-ml-cao_ho_sKG_ig-sv-complex-50	14804	1616981757	1616996561
recommend-TRANSH-ml-cao_ho_sKG_ig-sv-complex-50	14350	1616996561	1617010911
recommend-CFKG-ml-cao_ho_sKG_ig-sv-complex-50	8570	1617010911	1617019481
recommend-CKE-ml-cao_ho_sKG_ig-sv-complex-50	30281	1617019481	1617049762
recommend-CoFM-ml-cao_ho_sKG_ig-sv-complex-50	15062	1617049762	1617064824
