preprocess_sun_oKG	13	1614636315	1614636328
preprocess_sun_fKG	12	1614636328	1614636340
summarize-ml-sun_ho_sKG_ig-sv-complex-25	672	1614636340	1614637012
summarize-ml-sun_ho_sKG_ig-sv-complex-50	862	1614637012	1614637874
summarize-ml-sun_ho_sKG_ig-sv-complex-75	1236	1614637874	1614639110
summarize-ml-sun_ho_sKG_ig-mv-complex-25	341	1614639110	1614639451
summarize-ml-sun_ho_sKG_ig-mv-complex-50	593	1614639451	1614640044
summarize-ml-sun_ho_sKG_ig-mv-complex-75	854	1614640044	1614640898
preprocess_summ-ml-sun_ho_sKG_ig-sv-complex-25	4	1614640898	1614640902
preprocess_summ-ml-sun_ho_sKG_ig-sv-complex-50	4	1614640902	1614640906
preprocess_summ-ml-sun_ho_sKG_ig-sv-complex-75	5	1614640906	1614640911
preprocess_summ-ml-sun_ho_sKG_ig-mv-complex-25	4	1614640911	1614640915
preprocess_summ-ml-sun_ho_sKG_ig-mv-complex-50	4	1614640915	1614640919
preprocess_summ-ml-sun_ho_sKG_ig-mv-complex-75	4	1614640919	1614640923
measure_summ_impact-ml-sun_ho_sKG_ig-sv-complex-25	5	1614640923	1614640928
measure_summ_impact-ml-sun_ho_sKG_ig-sv-complex-50	6	1614640928	1614640934
measure_summ_impact-ml-sun_ho_sKG_ig-sv-complex-75	5	1614640934	1614640939
measure_summ_impact-ml-sun_ho_sKG_ig-mv-complex-25	5	1614640939	1614640944
measure_summ_impact-ml-sun_ho_sKG_ig-mv-complex-50	5	1614640944	1614640949
measure_summ_impact-ml-sun_ho_sKG_ig-mv-complex-75	6	1614640949	1614640955
summarize-ml-sun_ho_sfKG_ig-sv-complex-25	667	1614640955	1614641622
summarize-ml-sun_ho_sfKG_ig-sv-complex-50	866	1614641622	1614642488
summarize-ml-sun_ho_sfKG_ig-sv-complex-75	1229	1614642488	1614643717
summarize-ml-sun_ho_sfKG_ig-mv-complex-25	342	1614643717	1614644059
summarize-ml-sun_ho_sfKG_ig-mv-complex-50	580	1614644059	1614644639
summarize-ml-sun_ho_sfKG_ig-mv-complex-75	868	1614644639	1614645507
preprocess_summ-ml-sun_ho_sfKG_ig-sv-complex-25	3	1614645507	1614645510
preprocess_summ-ml-sun_ho_sfKG_ig-sv-complex-50	4	1614645510	1614645514
preprocess_summ-ml-sun_ho_sfKG_ig-sv-complex-75	4	1614645514	1614645518
preprocess_summ-ml-sun_ho_sfKG_ig-mv-complex-25	4	1614645518	1614645522
preprocess_summ-ml-sun_ho_sfKG_ig-mv-complex-50	4	1614645522	1614645526
preprocess_summ-ml-sun_ho_sfKG_ig-mv-complex-75	4	1614645526	1614645530
measure_summ_impact-ml-sun_ho_sfKG_ig-sv-complex-25	5	1614645530	1614645535
measure_summ_impact-ml-sun_ho_sfKG_ig-sv-complex-50	5	1614645535	1614645540
measure_summ_impact-ml-sun_ho_sfKG_ig-sv-complex-75	6	1614645540	1614645546
measure_summ_impact-ml-sun_ho_sfKG_ig-mv-complex-25	5	1614645546	1614645551
measure_summ_impact-ml-sun_ho_sfKG_ig-mv-complex-50	5	1614645551	1614645556
measure_summ_impact-ml-sun_ho_sfKG_ig-mv-complex-75	6	1614645556	1614645562
recommend-TRANSE-ml-sun_ho_oKG	762	1614645562	1614646324
recommend-TRANSH-ml-sun_ho_oKG	726	1614646324	1614647050
recommend-BPRMF-ml-sun_ho_oKG	353	1614647050	1614647403
recommend-TRANSUP-ml-sun_ho_oKG	999	1614647403	1614648402
recommend-CFKG-ml-sun_ho_oKG	1978	1614648402	1614650380
recommend-CKE-ml-sun_ho_oKG	8315	1614650380	1614658695
recommend-CoFM-ml-sun_ho_oKG	3194	1614658695	1614661889
recommend-KTUP-ml-sun_ho_oKG	5660	1614661889	1614667549
recommend-TRANSE-ml-sun_ho_sKG_ig-sv-complex-50	506	1614667549	1614668055
recommend-TRANSH-ml-sun_ho_sKG_ig-sv-complex-50	917	1614668055	1614668972
recommend-BPRMF-ml-sun_ho_sKG_ig-sv-complex-50	376	1614668972	1614669348
recommend-TRANSUP-ml-sun_ho_sKG_ig-sv-complex-50	1054	1614669348	1614670402
recommend-CFKG-ml-sun_ho_sKG_ig-sv-complex-50	2176	1614670402	1614672578
recommend-CKE-ml-sun_ho_sKG_ig-sv-complex-50	7887	1614672578	1614680465
recommend-CoFM-ml-sun_ho_sKG_ig-sv-complex-50	2950	1614680465	1614683415
recommend-KTUP-ml-sun_ho_sKG_ig-sv-complex-50	4642	1614683415	1614688057
recommend-TRANSE-ml-sun_ho_sKG_ig-mv-complex-50	773	1614688057	1614688830
recommend-TRANSH-ml-sun_ho_sKG_ig-mv-complex-50	521	1614688830	1614689351
recommend-BPRMF-ml-sun_ho_sKG_ig-mv-complex-50	374	1614689352	1614689726
recommend-TRANSUP-ml-sun_ho_sKG_ig-mv-complex-50	897	1614689726	1614690623
recommend-CFKG-ml-sun_ho_sKG_ig-mv-complex-50	1959	1614690623	1614692582
recommend-CKE-ml-sun_ho_sKG_ig-mv-complex-50	8754	1614692582	1614701336
recommend-CoFM-ml-sun_ho_sKG_ig-mv-complex-50	3572	1614701336	1614704908
recommend-KTUP-ml-sun_ho_sKG_ig-mv-complex-50	5748	1614704908	1614710656
recommend-TRANSE-ml-sun_ho_sfKG_ig-sv-complex-50	534	1614710656	1614711190
recommend-TRANSH-ml-sun_ho_sfKG_ig-sv-complex-50	755	1614711190	1614711945
recommend-BPRMF-ml-sun_ho_sfKG_ig-sv-complex-50	334	1614711945	1614712279
recommend-TRANSUP-ml-sun_ho_sfKG_ig-sv-complex-50	724	1614712279	1614713003
recommend-CFKG-ml-sun_ho_sfKG_ig-sv-complex-50	2277	1614713003	1614715280
recommend-CKE-ml-sun_ho_sfKG_ig-sv-complex-50	8811	1614715280	1614724091
recommend-CoFM-ml-sun_ho_sfKG_ig-sv-complex-50	4186	1614724091	1614728277
recommend-KTUP-ml-sun_ho_sfKG_ig-sv-complex-50	5500	1614728277	1614733777
recommend-TRANSE-ml-sun_ho_sfKG_ig-mv-complex-50	317	1614733777	1614734094
recommend-TRANSH-ml-sun_ho_sfKG_ig-mv-complex-50	388	1614734094	1614734482
recommend-BPRMF-ml-sun_ho_sfKG_ig-mv-complex-50	371	1614734482	1614734853
recommend-TRANSUP-ml-sun_ho_sfKG_ig-mv-complex-50	817	1614734853	1614735670
recommend-CFKG-ml-sun_ho_sfKG_ig-mv-complex-50	1865	1614735670	1614737535
recommend-CKE-ml-sun_ho_sfKG_ig-mv-complex-50	9007	1614737535	1614746542
recommend-CoFM-ml-sun_ho_sfKG_ig-mv-complex-50	3581	1614746542	1614750123
recommend-KTUP-ml-sun_ho_sfKG_ig-mv-complex-50	5507	1614750123	1614755630
preprocess_sun_oKG	0	1614803044	1614803044
preprocess_sun_fKG	0	1614803044	1614803044
recommend-TRANSE-ml-sun_ho_sKG_ig-sv-complex-25	505	1614803045	1614803550
recommend-TRANSH-ml-sun_ho_sKG_ig-sv-complex-25	830	1614803550	1614804380
recommend-BPRMF-ml-sun_ho_sKG_ig-sv-complex-25	380	1614804380	1614804760
recommend-TRANSUP-ml-sun_ho_sKG_ig-sv-complex-25	1090	1614804760	1614805850
recommend-CFKG-ml-sun_ho_sKG_ig-sv-complex-25	2462	1614805850	1614808312
recommend-CKE-ml-sun_ho_sKG_ig-sv-complex-25	8770	1614808312	1614817082
recommend-CoFM-ml-sun_ho_sKG_ig-sv-complex-25	3970	1614817082	1614821052
recommend-KTUP-ml-sun_ho_sKG_ig-sv-complex-25	7345	1614821052	1614828397
recommend-TRANSE-ml-sun_ho_sKG_ig-mv-complex-25	542	1614828397	1614828939
recommend-TRANSH-ml-sun_ho_sKG_ig-mv-complex-25	540	1614828939	1614829479
recommend-BPRMF-ml-sun_ho_sKG_ig-mv-complex-25	363	1614829479	1614829842
recommend-TRANSUP-ml-sun_ho_sKG_ig-mv-complex-25	959	1614829842	1614830801
recommend-CFKG-ml-sun_ho_sKG_ig-mv-complex-25	1677	1614830801	1614832478
preprocess_sun_oKG	0	1614862347	1614862347
preprocess_sun_fKG	0	1614862347	1614862347
recommend-CKE-ml-sun_ho_sKG_ig-mv-complex-25	8494	1614862349	1614870843
recommend-CoFM-ml-sun_ho_sKG_ig-mv-complex-25	4339	1614870843	1614875182
recommend-KTUP-ml-sun_ho_sKG_ig-mv-complex-25	5307	1614875182	1614880489
recommend-TRANSE-ml-sun_ho_sKG_ig-sv-complex-75	732	1614880490	1614881222
recommend-TRANSH-ml-sun_ho_sKG_ig-sv-complex-75	891	1614881222	1614882113
recommend-BPRMF-ml-sun_ho_sKG_ig-sv-complex-75	378	1614882113	1614882491
recommend-TRANSUP-ml-sun_ho_sKG_ig-sv-complex-75	1293	1614882491	1614883784
recommend-CFKG-ml-sun_ho_sKG_ig-sv-complex-75	2254	1614883784	1614886038
recommend-CKE-ml-sun_ho_sKG_ig-sv-complex-75	9211	1614886038	1614895249
recommend-CoFM-ml-sun_ho_sKG_ig-sv-complex-75	4659	1614895249	1614899908
recommend-KTUP-ml-sun_ho_sKG_ig-sv-complex-75	6445	1614899908	1614906353
recommend-TRANSE-ml-sun_ho_sKG_ig-mv-complex-75	846	1614906353	1614907199
recommend-TRANSH-ml-sun_ho_sKG_ig-mv-complex-75	694	1614907199	1614907893
recommend-BPRMF-ml-sun_ho_sKG_ig-mv-complex-75	376	1614907893	1614908269
recommend-TRANSUP-ml-sun_ho_sKG_ig-mv-complex-75	1053	1614908269	1614909322
recommend-CFKG-ml-sun_ho_sKG_ig-mv-complex-75	2094	1614909322	1614911416
recommend-CKE-ml-sun_ho_sKG_ig-mv-complex-75	9410	1614911416	1614920826
recommend-CoFM-ml-sun_ho_sKG_ig-mv-complex-75	4126	1614920826	1614924952
recommend-KTUP-ml-sun_ho_sKG_ig-mv-complex-75	5870	1614924952	1614930822
recommend-TRANSE-ml-sun_ho_sfKG_ig-sv-complex-25	357	1614930822	1614931179
recommend-TRANSH-ml-sun_ho_sfKG_ig-sv-complex-25	557	1614931179	1614931736
recommend-BPRMF-ml-sun_ho_sfKG_ig-sv-complex-25	384	1614931736	1614932120
recommend-TRANSUP-ml-sun_ho_sfKG_ig-sv-complex-25	972	1614932120	1614933092
recommend-CFKG-ml-sun_ho_sfKG_ig-sv-complex-25	1745	1614933092	1614934837
preprocess_sun_oKG	0	1614965415	1614965415
preprocess_sun_fKG	1	1614965415	1614965416
recommend-CKE-ml-sun_ho_sfKG_ig-sv-complex-25	8200	1614965418	1614973618
recommend-CoFM-ml-sun_ho_sfKG_ig-sv-complex-25	3892	1614973618	1614977510
recommend-KTUP-ml-sun_ho_sfKG_ig-sv-complex-25	4830	1614977510	1614982340
recommend-TRANSE-ml-sun_ho_sfKG_ig-mv-complex-25	305	1614982340	1614982645
recommend-TRANSH-ml-sun_ho_sfKG_ig-mv-complex-25	542	1614982645	1614983187
recommend-BPRMF-ml-sun_ho_sfKG_ig-mv-complex-25	383	1614983187	1614983570
recommend-TRANSUP-ml-sun_ho_sfKG_ig-mv-complex-25	1310	1614983570	1614984880
recommend-CFKG-ml-sun_ho_sfKG_ig-mv-complex-25	1887	1614984880	1614986767
recommend-CKE-ml-sun_ho_sfKG_ig-mv-complex-25	8547	1614986767	1614995314
recommend-CoFM-ml-sun_ho_sfKG_ig-mv-complex-25	4331	1614995314	1614999645
recommend-KTUP-ml-sun_ho_sfKG_ig-mv-complex-25	6166	1614999645	1615005811
recommend-TRANSE-ml-sun_ho_sfKG_ig-sv-complex-75	370	1615005812	1615006182
recommend-TRANSH-ml-sun_ho_sfKG_ig-sv-complex-75	619	1615006182	1615006801
recommend-BPRMF-ml-sun_ho_sfKG_ig-sv-complex-75	388	1615006801	1615007189
recommend-TRANSUP-ml-sun_ho_sfKG_ig-sv-complex-75	747	1615007189	1615007936
recommend-CFKG-ml-sun_ho_sfKG_ig-sv-complex-75	1639	1615007936	1615009575
recommend-CKE-ml-sun_ho_sfKG_ig-sv-complex-75	10878	1615009575	1615020453
recommend-CoFM-ml-sun_ho_sfKG_ig-sv-complex-75	4530	1615020453	1615024983
recommend-KTUP-ml-sun_ho_sfKG_ig-sv-complex-75	5695	1615024983	1615030678
recommend-TRANSE-ml-sun_ho_sfKG_ig-mv-complex-75	317	1615030678	1615030995
recommend-TRANSH-ml-sun_ho_sfKG_ig-mv-complex-75	461	1615030995	1615031456
recommend-BPRMF-ml-sun_ho_sfKG_ig-mv-complex-75	384	1615031456	1615031840
recommend-TRANSUP-ml-sun_ho_sfKG_ig-mv-complex-75	1046	1615031840	1615032886
recommend-CFKG-ml-sun_ho_sfKG_ig-mv-complex-75	1657	1615032886	1615034543
recommend-CKE-ml-sun_ho_sfKG_ig-mv-complex-75	10287	1615034543	1615044830
recommend-CoFM-ml-sun_ho_sfKG_ig-mv-complex-75	3465	1615044830	1615048295
recommend-KTUP-ml-sun_ho_sfKG_ig-mv-complex-75	6101	1615048295	1615054396
preprocess_sun_oKG	1	1615063822	1615063823
preprocess_sun_fKG	0	1615063823	1615063823
recommend-TRANSE-ml-sun_ho_fKG	529	1615063825	1615064354
recommend-TRANSH-ml-sun_ho_fKG	390	1615064354	1615064744
recommend-BPRMF-ml-sun_ho_fKG	384	1615064744	1615065128
recommend-TRANSUP-ml-sun_ho_fKG	1055	1615065128	1615066183
recommend-CFKG-ml-sun_ho_fKG	1730	1615066183	1615067913
recommend-CKE-ml-sun_ho_fKG	8980	1615067913	1615076893
recommend-CoFM-ml-sun_ho_fKG	2916	1615076893	1615079809
recommend-KTUP-ml-sun_ho_fKG	6434	1615079809	1615086243
